6.557596435546873863e+02 5.707917480468748863e+02
7.024336547851562500e+02 5.713408813476563637e+02
7.030332031250001137e+02 5.246403808593750000e+02
6.563117065429689774e+02 5.239102172851562500e+02
4.152546386718749432e+02 5.659621582031251137e+02
4.608308410644531250e+02 5.667578125000001137e+02
4.608781738281250000e+02 5.200714111328123863e+02
4.152465515136718750e+02 5.196373291015623863e+02
2.682467956542969318e+02 5.751995849609376137e+02
3.137147827148437500e+02 5.791064453124998863e+02
3.166952819824218750e+02 5.297218017578125000e+02
2.707652893066406250e+02 5.267512207031250000e+02
4.981105804443360796e+01 5.534112548828125000e+02
8.929537200927732954e+01 5.587260742187502274e+02
9.154122161865232954e+01 5.112250366210938068e+02
5.197826004028320312e+01 5.081938781738278976e+02
9.662701416015625000e+02 5.744183349609376137e+02
1.005554809570312386e+03 5.781624145507812500e+02
1.009215698242187386e+03 5.365610961914061363e+02
9.700442504882812500e+02 5.328134765624998863e+02
7.522631835937501137e+02 5.533075561523437500e+02
7.943785400390625000e+02 5.573746948242187500e+02
7.984836425781247726e+02 5.144581909179687500e+02
7.564707641601562500e+02 5.105403442382814205e+02
6.692191772460939774e+02 5.704233398437501137e+02
7.136428222656250000e+02 5.710084228515625000e+02
7.161519165039061363e+02 5.257418823242187500e+02
6.727514648437501137e+02 5.247686157226563637e+02
4.303629455566406250e+02 5.656495361328123863e+02
4.770215454101561932e+02 5.664139404296872726e+02
4.782512207031249432e+02 5.191094360351563637e+02
4.313416748046875568e+02 5.182802124023439774e+02
6.781619262695312500e+02 5.695430297851562500e+02
7.180330810546873863e+02 5.696629028320311363e+02
7.194395751953126137e+02 5.254523315429687500e+02
6.795827026367187500e+02 5.247070312500000000e+02
4.535949096679688068e+02 5.674391479492186363e+02
4.988073120117186932e+02 5.677098999023436363e+02
5.001385192871093182e+02 5.198303833007813637e+02
4.549270019531249432e+02 5.188026733398437500e+02
1.065347778320312045e+03 5.744312133789061363e+02
1.104566528320312500e+03 5.781119384765625000e+02
1.108789428710937727e+03 5.365106201171876137e+02
1.068960327148437273e+03 5.326884155273438637e+02
8.550909423828128411e+02 5.536129760742187500e+02
8.958527832031250000e+02 5.575971679687500000e+02
8.994702758789061363e+02 5.158077392578125000e+02
8.587472534179688637e+02 5.121171264648436363e+02
8.615890502929687500e+02 5.756707763671876137e+02
9.021038818359376137e+02 5.793590698242186363e+02
9.059274291992187500e+02 5.372892456054686363e+02
8.654484252929687500e+02 5.333125000000001137e+02
6.420649414062497726e+02 5.542474975585937500e+02
6.850559692382812500e+02 5.582864379882814774e+02
6.893295288085938637e+02 5.147613525390625000e+02
6.462927856445311363e+02 5.106429748535153976e+02
1.149684570312500000e+03 5.732416992187500000e+02
1.187795410156250000e+03 5.770705566406247726e+02
1.191240234374999773e+03 5.348331298828125000e+02
1.153127563476562273e+03 5.313486328125001137e+02
9.546744384765623863e+02 5.528240966796873863e+02
9.915927124023438637e+02 5.563686523437501137e+02
9.945543823242187500e+02 5.162364501953126137e+02
9.575191040039062500e+02 5.129953002929687500e+02
6.556449584960937500e+02 5.711087036132812500e+02
7.022655639648438637e+02 5.719773559570311363e+02
7.029479980468748863e+02 5.250003662109372726e+02
6.560982055664062500e+02 5.244412841796876137e+02
4.149082946777343182e+02 5.663816528320311363e+02
4.607094421386719318e+02 5.670375366210938637e+02
4.608130187988281250e+02 5.206020507812502274e+02
4.149364318847655682e+02 5.199407958984375000e+02
1.131796508789062500e+03 5.733092651367186363e+02
1.170877929687500000e+03 5.771344604492189774e+02
1.174359008789062500e+03 5.347366333007812500e+02
1.135320556640625000e+03 5.314096679687497726e+02
9.291552734374997726e+02 5.523695678710937500e+02
9.677991333007812500e+02 5.567398071289062500e+02
9.710771484375001137e+02 5.155208129882813637e+02
9.322421264648436363e+02 5.121895751953125000e+02
2.452397613525389772e+02 5.756647949218748863e+02
2.873250427246093750e+02 5.799762573242188637e+02
2.895863647460937500e+02 5.296344604492186363e+02
2.473365325927733807e+02 5.262565917968748863e+02
4.948572540283201704e+01 5.539790039062500000e+02
8.389429473876953125e+01 5.582870483398437500e+02
8.588986206054688921e+01 5.120629272460936363e+02
5.079260253906250000e+01 5.090682678222655682e+02
