6.186162719726561363e+02 5.678078002929687500e+02
6.652128906250000000e+02 5.683973999023438637e+02
6.655435180664063637e+02 5.218174438476561363e+02
6.187663574218751137e+02 5.214227294921873863e+02
3.818151855468749432e+02 5.632481689453123863e+02
4.262519226074218750e+02 5.640086669921876137e+02
4.258227539062500568e+02 5.178540649414062500e+02
3.815382080078125000e+02 5.175216674804685226e+02
2.340049438476562784e+02 5.724172973632812500e+02
2.773379211425781250e+02 5.763867187500001137e+02
2.797492370605468750e+02 5.280184936523437500e+02
2.363785247802734375e+02 5.246772460937498863e+02
2.835108757019044035e+01 5.522799072265626137e+02
6.536135864257812500e+01 5.556383056640623863e+02
6.712034606933593750e+01 5.100525817871094318e+02
3.017124938964844105e+01 5.072018737792971024e+02
9.412551879882812500e+02 5.714968261718750000e+02
9.818642578124998863e+02 5.751553344726561363e+02
9.854984741210938637e+02 5.332364501953125000e+02
9.450349731445312500e+02 5.292671508789062500e+02
7.226472778320314774e+02 5.503956298828125000e+02
7.652027587890623863e+02 5.539886474609375000e+02
7.691371459960936363e+02 5.114001770019531818e+02
7.266659545898438637e+02 5.073402709960938637e+02
6.344526977539063637e+02 5.674251098632812500e+02
6.793843383789062500e+02 5.679957275390625000e+02
6.806403808593748863e+02 5.227449951171875000e+02
6.358149414062500000e+02 5.219088134765626137e+02
3.946559448242188068e+02 5.629183349609376137e+02
4.409296874999999432e+02 5.636428222656250000e+02
4.416897277832030113e+02 5.169022827148437500e+02
3.953399963378906250e+02 5.161121826171875000e+02
6.447212524414064774e+02 5.665989990234376137e+02
6.857420043945312500e+02 5.666228027343748863e+02
6.869530639648435226e+02 5.226182250976561363e+02
6.460467529296875000e+02 5.219821166992188637e+02
4.157789001464843750e+02 5.646372680664061363e+02
4.613070678710938068e+02 5.648579711914063637e+02
4.624587402343750000e+02 5.174376220703125000e+02
4.170455322265625568e+02 5.167114257812498863e+02
1.042943115234374773e+03 5.714723510742187500e+02
1.083667358398437500e+03 5.752117919921876137e+02
1.087392333984375455e+03 5.328312377929687500e+02
1.046799194335937500e+03 5.291214599609372726e+02
8.288677368164062500e+02 5.506505737304687500e+02
8.701444091796873863e+02 5.544009399414062500e+02
8.735947265625000000e+02 5.123629150390625000e+02
8.326807861328125000e+02 5.087741699218750568e+02
8.336388549804687500e+02 5.728133544921873863e+02
8.750601196289062500e+02 5.764727172851562500e+02
8.790003051757811363e+02 5.340714111328126137e+02
8.376198120117187500e+02 5.302242431640625000e+02
6.106982421875000000e+02 5.512384033203125000e+02
6.540465087890625000e+02 5.552651367187500000e+02
6.581032714843750000e+02 5.119674682617188068e+02
6.147855834960937500e+02 5.078849182128905682e+02
1.129911254882812273e+03 5.704204101562500000e+02
1.168712402343750227e+03 5.742763061523437500e+02
1.172198974609375227e+03 5.310486450195313637e+02
1.133273559570312273e+03 5.276707153320313637e+02
9.334242553710936363e+02 5.493203735351563637e+02
9.702144775390626137e+02 5.534179687499998863e+02
9.730618896484377274e+02 5.123906250000000000e+02
9.362160034179686363e+02 5.093664855957032955e+02
6.183832397460937500e+02 5.682339477539061363e+02
6.649002685546875000e+02 5.688616943359376137e+02
6.651788940429686363e+02 5.222005004882813637e+02
6.186011962890623863e+02 5.216748657226561363e+02
3.814552612304688068e+02 5.636750488281250000e+02
4.259581604003906250e+02 5.642999877929686363e+02
4.255051269531250000e+02 5.182233276367188637e+02
3.811664428710938068e+02 5.178037109375002274e+02
1.111251831054687045e+03 5.705108032226562500e+02
1.151308349609375227e+03 5.739788208007812500e+02
1.154611328125000455e+03 5.311010742187500000e+02
1.114534545898437273e+03 5.276575927734373863e+02
9.058131713867185226e+02 5.496480712890623863e+02
9.446468505859375000e+02 5.533135375976563637e+02
9.479974975585938637e+02 5.120641479492187500e+02
9.089254760742186363e+02 5.084747619628903976e+02
2.107616424560546591e+02 5.728471679687500000e+02
2.501541290283203125e+02 5.771680297851563637e+02
2.519331512451172443e+02 5.278074340820313637e+02
2.124819183349609659e+02 5.246541748046875000e+02
2.948194503784180753e+01 5.524091186523436363e+02
6.167802429199218750e+01 5.558914184570312500e+02
6.280372619628904118e+01 5.112015380859375568e+02
3.056974411010741832e+01 5.078041687011719887e+02
